95,2
95,1
95,0
94,3
94,2
94,1
94,0
93,3
93,2
93,1
93,0
92,3
92,2
92,1
92,0
91,3
91,2
91,1
91,0
90,3
90,2
90,1
90,0
89,3
89,2
89,1
89,0
88,3
88,2
88,1
88,0
87,3
87,2
87,1
87,0
86,3
86,2
86,1
86,0
85,3
85,2
85,1
85,0
84,3
84,2
84,1
84,0
83,3
83,2
83,1
83,0
81,3
81,2
81,1
81,0
80,4
80,3
80,2
80,1
80,0
72,7
72,6
72,5
72,4
72,3
72,2
72,1
72,0
47,6
47,5
47,4
47,3
47,2
47,1
47,0
34,4
34,3
34,2
34,1
34,0
7,3
7,2
7,1
7,0
4,3
4,1
4,0
2,4
2,2
0,442
0,440
0,443
0,431
2,6
0,410
0,379
1,1
0,322
1,3
0,243
1,0
2,1
2,5
2,3
2,0
0,9
0,310
0,305
0,308
0,304
0,303
0,302
0,307
0,12
0,378
0,10
0,8
0,0
0,421
0,300
0,420
0,299
0,419
0,298
0,418
0,297
0,417
0,296
0,441
0,295
0,416
0,294
0,415
0,293
0,414
0,292
0,413
0,291
0,412
0,290
0,411
0,289
0,438
0,288
0,409
0,287
0,408
0,286
0,407
0,285
0,406
0,284
0,437
0,283
0,405
0,282
0,404
0,281
0,403
0,280
0,402
0,279
0,401
0,278
0,400
0,277
0,436
0,276
0,399
0,275
0,398
0,274
0,397
95,3
96,0
96,2
96,3
97,1
97,2
98,0
98,2
98,3
100,1
100,2
101,0
101,2
101,3
102,1
102,2
103,0
103,1
103,3
104,1
104,2
104,4
104,5
105,1
105,3
107,0
107,2
107,3
108,0
108,1
108,3
110,1
110,2
110,4
111,0
111,2
111,4
111,5
111,7
111,8
112,0
112,1
112,3
112,5
113,0
113,2
113,3
113,5
113,7
114,0
114,2
114,3
115,0
115,2
115,3
116,0
116,1
116,3
116,4
117,1
117,3
117,4
117,5
117,2
117,0
116,2
115,4
115,1
114,4
114,1
113,6
113,4
113,1
112,4
112,2
111,9
111,6
111,3
111,1
110,3
110,0
108,2
107,4
107,1
105,2
105,0
104,3
104,0
103,2
102,3
102,0
101,1
100,3
100,0
98,1
97,3
97,0
96,1
0,273
0,396
0,272
0,395
0,271
0,394
0,270
0,435
0,269
0,393
0,268
0,392
0,267
0,391
0,266
0,390
0,265
0,389
0,264
0,388
0,263
0,434
0,262
0,387
0,261
0,386
0,260
0,385
0,259
0,384
0,258
0,383
0,257
0,382
0,256
0,433
0,255
0,381
0,254
0,380
0,253
0,377
0,252
0,376
0,251
0,432
0,250
0,375
0,249
0,374
0,248
0,373
0,247
0,372
0,246
0,371
0,245
0,370
0,244
0,430
0,242
0,369
0,241
0,368
0,240
0,367
0,239
0,366
0,238
0,365
0,237
0,364
0,236
0,429
0,235
0,363
0,234
0,362
0,233
0,361
0,232
0,360
0,231
0,428
0,230
0,359
0,229
0,358
0,228
0,357
0,227
0,356
0,226
0,355
0,225
0,354
0,224
0,427
0,223
0,353
0,222
0,352
0,221
0,351
0,220
0,350
0,219
0,426
0,218
0,349
0,217
0,348
0,216
0,347
0,215
0,346
0,214
0,345
0,213
0,344
0,212
0,425
0,211
0,343
0,210
0,342
0,209
0,341
0,208
0,340
0,207
0,339
0,206
0,338
0,205
0,424
0,204
0,337
0,203
0,336
0,202
0,335
0,201
0,334
0,200
0,439
0,199
0,333
0,198
0,332
0,197
0,331
0,196
0,330
0,195
0,329
0,194
0,328
0,193
0,327
0,192
0,326
0,63
0,325
0,62
0,423
0,61
0,324
0,60
0,323
0,59
0,321
0,58
0,320
0,57
0,422
0,56
0,319
0,55
0,318
0,54
0,317
0,53
0,316
0,52
0,315
0,51
0,314
0,50
0,313
0,49
0,312
0,48
0,311
0,47
0,309
0,46
0,306
0,45
0,301
0,6
0,5
0,1
0,11
0,4
0,2
0,3
0,7
